$ANSIBLE_VAULT;1.1;AES256
62343039363233396466646536656364353736646262383136663739373331383132356133316561
6435373764613037303162333166303334636631613561660a643935323564663235313133663666
36306531613539303131656633363966353062306162643864386263656535396338396665373034
3830303565373336310a373837636462623131336139356336373564326131666565373165366532
31376132393035383132313565373862346539353234666237333135636464353637616566643063
62363165373763356464666435303830636630323166393737643735343734326238363736636361
31623233383833343234386435323563623965316335613838613330386466623636313934323062
36363038373462643466313561373230656231643931623639346166313239353735353165333034
64393236346535383465653236643638383034326537666238626237346433663663633364363530
35616639646536346632643733326364323563643436653733336561633137613566363461643433
63613131333739316239323263356131623263313861326637613539383334653533333965346565
62396465313931656663316464393637366337633862306361613664373431353964636435316236
63353561646333343430666564323632393961383932326338343437313861396163
