$ANSIBLE_VAULT;1.1;AES256
61613530386435353834663065373638626433636630393339656636653364326631636238363534
3936663462393130623034353336663466323165656632340a666339343139336362396564333339
38383338366266616633373137303265633132373437663131636232323961383536666131363865
3461623133303761350a343565333365323132643938373238313761663533653039356166653634
62633866336433613864396535663566653335326534306636353764646532653037396532373337
30343130306562643362616435326662333063366632343434383432623031323635646461383139
64343931313732323830353532343736666137666336633665343835666539373832353839613433
62396266373765643965353563626431616235656436633235303761633039393639653239636131
38356530613036343133313133656334623765326463393533626266353231666537313639646361
33633761376338363733656164636461366237663265343732396239303366656631613563323461
64316139653336626333643230383861366533326339646263343632353133303364336639346639
39393038353132386364323537626564393036663335663634396433663165626632386231613935
64663935663566666235353630653230646630666634656239643364626437363636386163346561
63653636633062646530613135393239303765636131336132306537313262646337336439626363
35616566366533636161653232313135633638313434333935376361636630353238613630646637
30366439353937373038306630366634626261333736393936643734323535313661383033336335
64643036383336383164633861666331313731623935386665613331633836343762666335393838
32313734313634653064646564653665383530323132616165303130393265643835383262306661
326538323337336562313538346664313462
